Interface,Cyclic,Dcy,Dcy*,Dpt,Dpt*
"com.microstar.xml.XmlHandler",0,0,0,1,1
"gnu.regexp.CharIndexed",0,0,0,2,2
"org.gjt.sp.jedit.EBComponent",0,0,0,5,47
"org.gjt.sp.jedit.MiscUtilities.Compare",0,0,0,4,64
"org.gjt.sp.jedit.OptionPane",0,0,0,0,0
"org.gjt.sp.jedit.Registers.Register",0,0,0,4,10
"org.gjt.sp.jedit.browser.BrowserListener",0,1,15,0,0
"org.gjt.sp.jedit.buffer.BufferChangeListener",0,1,16,1,1
"org.gjt.sp.jedit.buffer.BufferListener",0,0,0,0,0
"org.gjt.sp.jedit.gui.DefaultFocusComponent",0,0,0,1,12
"org.gjt.sp.jedit.gui.DockableWindowContainer",0,0,0,0,0
"org.gjt.sp.jedit.gui.MutableListModel",0,0,0,1,19
"org.gjt.sp.jedit.help.HelpHistoryModelListener",0,0,0,0,0
"org.gjt.sp.jedit.indent.IndentAction",0,1,11,5,5
"org.gjt.sp.jedit.indent.IndentRule",0,1,11,0,0
"org.gjt.sp.jedit.menu.DynamicMenuProvider",0,0,0,0,0
"org.gjt.sp.jedit.search.HyperSearchNode",0,2,33,0,0
"org.gjt.sp.jedit.search.HyperSearchResults.ResultVisitor",0,0,0,3,14
"org.gjt.sp.jedit.search.HyperSearchTreeNodeCallback",0,0,0,0,0
"org.gjt.sp.jedit.search.SearchFileSet",0,0,0,0,0
"org.gjt.sp.jedit.syntax.TokenHandler",0,0,0,0,0
"org.gjt.sp.jedit.textarea.ScrollListener",0,0,0,0,0
"org.gjt.sp.jedit.textarea.StatusListener",0,0,0,0,0
"org.gjt.sp.jedit.textarea.StructureMatcher",1,1,1,2,3
"org.gjt.sp.util.ProgressObserver",0,0,0,3,72
"org.gjt.sp.util.WorkThreadProgressListener",0,0,0,0,0
"org.objectweb.asm.ClassVisitor",0,0,0,0,0
"org.objectweb.asm.CodeVisitor",0,0,0,0,0
"org.objectweb.asm.Constants",0,0,0,0,0

